<?xml version="1.0"?>
<opencv_storage>
<Intrinsics type_id="opencv-matrix">
  <rows>3</rows>
  <cols>3</cols>
  <dt>f</dt>
  <data>
    1.75773267e+003 0. 6.56831726e+002 0. 1.76398816e+003
    6.31756653e+002 0. 0. 1.</data></Intrinsics>
</opencv_storage>
