<?xml version="1.0"?>
<opencv_storage>
<H type_id="opencv-matrix">
  <rows>3</rows>
  <cols>3</cols>
  <dt>f</dt>
  <data>
    1.53308856e+000 1.09977603e+000 1.21591785e+003 -9.90518951e+000
    3.36236916e+001 4.84428558e+002 -1.66070163e-002 6.21055486e-004 25.</data></H>
</opencv_storage>
