<?xml version="1.0"?>
<opencv_storage>
<H_invt type_id="opencv-matrix">
  <rows>3</rows>
  <cols>3</cols>
  <dt>f</dt>
  <data>
    3.77963781e-001 -1.20273354e-002 -1.81498604e+001 1.07765451e-001
    2.63223350e-002 -5.75140905e+000 2.48396886e-004 -8.64343201e-006
    2.80862767e-002</data></H_invt>
</opencv_storage>
